v2.0 raw
020
000
000
000
000
000
000
000
000
000
000
000
000
000
000
000
490
000
000
000
000
000
000
000
000
000
000
000
000
000
000
000
000
000
000
000
000
000
000
000
000
000
000
000
000
000
000
000
000
000
000
000
000
000
000
000
000
000
000
000
000
000
000
000
000
000
000
000
000
000
000
000
000
000
000
000
000
000
000
000
000
000
000
000
000
000
000
000
000
000
000
000
000
000
000
000
000
000
000
000
000
000
000
000
000
000
000
000
000
000
000
000
000
000
000
000
000
000
000
000
000
000
000
000
000
000
000
000
428
448
460
478
000
000
000
000
000
000
000
000
000
000
000
000
000
000
000
000
000
000
000
000
000
000
028
038
048
058
000
000
068
080
098
0B0
0C8
0D8
0E8
000
000
000
100
118
130
148
000
000
158
170
188
1A0
000
000
1B8
000
000
000
1D0
1E8
200
000
000
000
218
228
240
258
270
288
2A0
440
000
000
2B8
2C8
2D0
2E8
000
000
2F0
300
318
330
348
360
520
538
000
000
378
390
3A8
000
000
000
3C0
3D0
000
000
000
000
000
000
000
000
3E0
3E8
000
000
000
000
3F0
400
000
000
000
000
000
000
000
000
000
000
410
418
000
420
